chr21	16386664	16386787	circular_RNA/5	0	-	16386664	16386664	0,0,0	1	123	0	5	circRNA	NRIP1	NM_003489	3	chr21:16340847-16386664|chr21:16386787-16415815
chr21	16386664	16415895	circular_RNA/518	0	-	16386664	16386664	0,0,0	2	123,80	0,29151	518	circRNA	NRIP1	NM_003489	3,2	chr21:16340847-16386664|chr21:16415895-16437065
chr21	17135209	17150346	circular_RNA/2	1	+	17135209	17135209	0,0,0	3	78,145,124	0,3106,15013	2	circRNA	USP25	NM_001283041	2,3,4	chr21:17102757-17135209|chr21:17150346-17163820
chr21	17135209	17163983	circular_RNA/2	1	+	17135209	17135209	0,0,0	4	78,145,124,163	0,3106,15013,28611	2	circRNA	USP25	NM_001283041	2,3,4,5	chr21:17102757-17135209|chr21:17163983-17172075
chr21	17135209	17177577	circular_RNA/2	1	+	17135209	17135209	0,0,0	6	78,145,124,163,87,138	0,3106,15013,28611,36866,42230	2	circRNA	USP25	NM_001283041	2,3,4,5,6,7	chr21:17102757-17135209|chr21:17177577-17181127
chr21	17135209	17138460	circular_RNA/30	0	+	17135209	17135209	0,0,0	2	78,145	0,3106	30	circRNA	USP25	NM_001283041	2,3	chr21:17102757-17135209|chr21:17138460-17150222
chr21	17135209	17172162	circular_RNA/1	0	+	17135209	17135209	0,0,0	5	78,145,124,163,87	0,3106,15013,28611,36866	1	circRNA	USP25	NM_001283041	2,3,4,5,6	chr21:17102757-17135209|chr21:17172162-17177439
chr21	17150222	17163983	circular_RNA/1	1	+	17150222	17150222	0,0,0	2	124,163	0,13598	1	circRNA	USP25	NM_001283041	4,5	chr21:17138460-17150222|chr21:17163983-17172075
chr21	17150222	17177577	circular_RNA/7	1	+	17150222	17150222	0,0,0	4	124,163,87,138	0,13598,21853,27217	7	circRNA	USP25	NM_001283041	4,5,6,7	chr21:17138460-17150222|chr21:17177577-17181127
chr21	17205666	17214859	circular_RNA/6	1	+	17205666	17205666	0,0,0	2	201,143	0,9050	6	circRNA	USP25	NM_001283041	17,18	chr21:17203948-17205666|chr21:17214859-17219981
chr21	26965123	26973779	circular_RNA/3	1	-	26965123	26965123	0,0,0	5	154,66,113,68,100	0,1081,4490,6987,8556	3	circRNA	MRPL39	NM_017446	8,7,6,5,4	chr21:26961194-26965123|chr21:26973779-26976107
chr21	26969613	26973779	circular_RNA/1	1	-	26969613	26969613	0,0,0	3	113,68,100	0,2497,4066	1	circRNA	MRPL39	NM_017446	6,5,4	chr21:26966270-26969613|chr21:26973779-26976107
